MAE: 0.044000
RMSE: 0.044000
R2: 0.000000
Accuracy within ±0.5: 100.00%
